96000
120000
159650
229650
629900
29000
32000
48000
69000
72000
84000
10000
12000
15000
22000
30000
59000
85000
156000
269000
498000
510000
632000
23000
34000
45000
60000
68000
72000
25000
29000
35000
38000
40000
44000
86000
226980
850000
65000
230000
632000
23000
32000
34560
30299
50590
80250
13200
15500
25900
15200
20550
32900
80000
10000
20000
40000
70000
1000
5000
15000
28000
35000
15000
20000
3000
10000
12000
5000
8000
20000
32000
35000
40000
50000
60000
50000
70000
20000
15000
12000
5000
10000
20000
32000
50000
41000
50000
55000
120000
150000
4000
8000
3000
5000
2000
650
20
15
40
60
65
70
50
55
85
100
125
130
200
250
300
1200
1500
2500
2000
3000
3500
1500
2000
600
500
1700
1500
3000
2000
2000
1500
1000
2500
3000
500
750
800
1200
150
120
300
600
650
500
625
1000
1150
1500
350
400
1700
1650
800
2000
2500
2750
3000
3250
1000
1000
720
2500
3000
3500
4000
10000
12000
6000
50000
1000
1000
300
750
500
5000
8000
9000
10000
2000
5000
1500
8000
850
650
200
60
100
250
140
300
900
50
75
125
175
2000
5000
7000
1500
3000
4000
2500
1000
3500
2500
500
900
1750
425
900
650
780
920
630
450
50
80
150
200
250
300
100
600
420
230
80
90
50
150
200
250
220
300
150
800
20000
25000
50000
15000
10000
30000
5000
7000
8000
4000
2000
10000
3000
1500
6000
2000
8000
5000
7000
9000
15000
10000
20000
6000
7000
5000
3000
6000
5000
3000
1500
3000
4000
25000
27000
500
200
150
115
149
163
1000
2500
700
900
10
20
50
80
100
70
100
120
250
150
200
250
300
500
650
300
1000
1000
1000
1000
1500
1300
1700
2000
2500
3000
650
750
850
1000
450
450
450
450
450
3000
600
890
200
150
620
1000
900
400
525
255
900
465
456
230
125
487
900
200
1500
200
900
456
745
825
321
654
987
789
456
123
147
258
369
741
852
963
159
753
951
357
90
75
63
54
58
89
63
51
50
34
41
47
71
87
74
57
65
75
65
35
100
56
87
59
96
35
64
52
21
31
45
69
78
63
51
21
46
77
22
63
78
98
65
36
45
63
75
53
45
64